0   256   128
1   255   127
2   254   126
3   253   125
4   252   124
5   251   123
6   250   122
7   249   121
8   248   120
9   247   119
10   246   118
11   245   117
12   244   116
13   243   115
14   242   114
15   241   113
16   240   112
17   239   111
18   238   110
19   237   109
20   236   108
21   235   107
22   234   106
23   233   105
24   232   104
25   231   103
26   230   102
27   229   101
28   228   100
29   227   99
30   226   98
31   225   97
32   224   96
33   223   95
34   222   94
35   221   93
36   220   92
37   219   91
38   218   90
39   217   89
40   216   88
41   215   87
42   214   86
43   213   85
44   212   84
45   211   83
46   210   82
47   209   81
48   208   80
49   207   79
50   206   78
51   205   77
52   204   76
53   203   75
54   202   74
55   201   73
56   200   72
57   199   71
58   198   70
59   197   69
60   196   68
61   195   67
62   194   66
63   193   65
64   192   64
65   191   63
66   190   62
67   189   61
68   188   60
69   187   59
70   186   58
71   185   57
72   184   56
73   183   55
74   182   54
75   181   53
76   180   52
77   179   51
78   178   50
79   177   49
80   176   48
81   175   47
82   174   46
83   173   45
84   172   44
85   171   43
86   170   42
87   169   41
88   168   40
89   167   39
90   166   38
91   165   37
92   164   36
93   163   35
94   162   34
95   161   33
96   160   32
97   159   31
98   158   30
99   157   29
100   156   28
101   155   27
102   154   26
103   153   25
104   152   24
105   151   23
106   150   22
107   149   21
108   148   20
109   147   19
110   146   18
111   145   17
112   144   16
113   143   15
114   142   14
115   141   13
116   140   12
117   139   11
118   138   10
119   137   9
120   136   8
121   135   7
122   134   6
123   133   5
124   132   4
125   131   3
126   130   2
127   129   1
128   128   0
129   127   1
130   126   2
131   125   3
132   124   4
133   123   5
134   122   6
135   121   7
136   120   8
137   119   9
138   118   10
139   117   11
140   116   12
141   115   13
142   114   14
143   113   15
144   112   16
145   111   17
146   110   18
147   109   19
148   108   20
149   107   21
150   106   22
151   105   23
152   104   24
153   103   25
154   102   26
155   101   27
156   100   28
157   99   29
158   98   30
159   97   31
160   96   32
161   95   33
162   94   34
163   93   35
164   92   36
165   91   37
166   90   38
167   89   39
168   88   40
169   87   41
170   86   42
171   85   43
172   84   44
173   83   45
174   82   46
175   81   47
176   80   48
177   79   49
178   78   50
179   77   51
180   76   52
181   75   53
182   74   54
183   73   55
184   72   56
185   71   57
186   70   58
187   69   59
188   68   60
189   67   61
190   66   62
191   65   63
192   64   64
193   63   65
194   62   66
195   61   67
196   60   68
197   59   69
198   58   70
199   57   71
200   56   72
201   55   73
202   54   74
203   53   75
204   52   76
205   51   77
206   50   78
207   49   79
208   48   80
209   47   81
210   46   82
211   45   83
212   44   84
213   43   85
214   42   86
215   41   87
216   40   88
217   39   89
218   38   90
219   37   91
220   36   92
221   35   93
222   34   94
223   33   95
224   32   96
225   31   97
226   30   98
227   29   99
228   28   100
229   27   101
230   26   102
231   25   103
232   24   104
233   23   105
234   22   106
235   21   107
236   20   108
237   19   109
238   18   110
239   17   111
240   16   112
241   15   113
242   14   114
243   13   115
244   12   116
245   11   117
246   10   118
247   9   119
248   8   120
249   7   121
250   6   122
251   5   123
252   4   124
253   3   125
254   2   126
255   1   127
